4.000000e+01 4.100000e-02 4.903461e-05 8.449324e-08
4.020000e+01 4.120000e-02 5.394857e-05 3.993339e-08
4.040000e+01 4.140000e-02 5.979837e-05 1.136186e-07
4.060000e+01 4.160000e-02 6.604651e-05 5.822980e-08
4.080000e+01 4.180000e-02 7.346472e-05 6.853143e-08
4.100000e+01 4.200000e-02 8.199604e-05 8.963352e-08
4.120000e+01 4.220000e-02 9.197306e-05 1.055694e-07
4.140000e+01 4.240000e-02 1.040332e-04 1.594470e-07
4.160000e+01 4.260000e-02 1.186440e-04 9.507195e-08
4.180000e+01 4.280000e-02 1.367723e-04 1.017505e-07
4.200000e+01 4.300000e-02 1.593609e-04 8.464360e-08
