0.000000e+00 1.000000e-03 7.874435e-13 3.040347e-14
1.000000e+00 2.000000e-03 2.762043e-09 2.132819e-12
2.000000e+00 3.000000e-03 4.391620e-09 4.615591e-12
3.000000e+00 4.000000e-03 5.729367e-09 7.046087e-12
4.000000e+00 5.000000e-03 7.093124e-09 1.883717e-12
5.000000e+00 6.000000e-03 8.546001e-09 1.527452e-11
6.000000e+00 7.000000e-03 1.048404e-08 6.958179e-11
7.000000e+00 8.000000e-03 1.406759e-08 2.823421e-10
8.000000e+00 9.000000e-03 2.290185e-08 2.796870e-10
9.000000e+00 1.300000e-02 2.895766e-08 5.214213e-10
1.000000e+01 1.100000e-02 3.158896e-08 8.909823e-10
1.100000e+01 1.200000e-02 3.539744e-08 7.612872e-10
1.200000e+01 1.300000e-02 3.764353e-08 8.394794e-10
1.300000e+01 1.400000e-02 4.156237e-08 9.874192e-10
1.400000e+01 1.500000e-02 4.448463e-08 6.731635e-10
1.500000e+01 1.600000e-02 4.845868e-08 7.540689e-10
1.600000e+01 1.700000e-02 5.344018e-08 6.766427e-10
1.700000e+01 1.800000e-02 6.109445e-08 4.417263e-10
1.800000e+01 1.900000e-02 6.921373e-08 4.883866e-09
1.900000e+01 2.000000e-02 5.979030e-08 1.082537e-09
2.000000e+01 2.100000e-02 7.780039e-08 1.251891e-09
2.100000e+01 2.200000e-02 8.733268e-08 1.794736e-09
2.200000e+01 2.300000e-02 1.108824e-07 1.479392e-09
2.300000e+01 2.400000e-02 1.173819e-07 1.513621e-09
2.400000e+01 2.500000e-02 1.394665e-07 1.175133e-09
2.500000e+01 2.600000e-02 1.565347e-07 1.872338e-09
2.600000e+01 2.700000e-02 1.690927e-07 4.044578e-09
2.700000e+01 2.800000e-02 1.932698e-07 1.874332e-09
2.800000e+01 2.900000e-02 2.189884e-07 1.432131e-09
2.900000e+01 3.000000e-02 2.418018e-07 2.221517e-09
3.000000e+01 3.100000e-02 2.785359e-07 2.234745e-09
3.100000e+01 3.200000e-02 4.711891e-07 7.468267e-09
3.200000e+01 3.300000e-02 1.643409e-06 1.358038e-08
3.300000e+01 3.400000e-02 3.399729e-06 7.918621e-09
3.400000e+01 3.500000e-02 5.564370e-06 9.714411e-09
3.500000e+01 3.600000e-02 8.210547e-06 1.690796e-08
3.600000e+01 3.700000e-02 1.161634e-05 1.327752e-08
3.700000e+01 3.800000e-02 1.634035e-05 1.316925e-08
3.800000e+01 3.900000e-02 2.305455e-05 2.046962e-08
3.900000e+01 4.000000e-02 3.314852e-05 4.129049e-08
4.000000e+01 4.100000e-02 4.935923e-05 1.154546e-07
