4.200000e+01 4.300000e-02 1.520615e-04 2.519957e-07
4.210000e+01 4.310000e-02 1.675165e-04 4.302131e-07
4.220000e+01 4.320000e-02 1.847895e-04 3.768334e-07
4.230000e+01 4.330000e-02 2.048982e-04 2.187888e-07
4.240000e+01 4.340000e-02 2.275331e-04 1.477546e-07
4.250000e+01 4.350000e-02 2.521229e-04 3.173395e-07
4.260000e+01 4.360000e-02 2.820267e-04 2.895818e-07
4.270000e+01 4.370000e-02 3.175234e-04 2.958595e-07
4.280000e+01 4.380000e-02 3.607101e-04 3.859152e-07
4.290000e+01 4.390000e-02 4.129735e-04 5.788788e-07
4.300000e+01 4.400000e-02 4.773920e-04 6.910295e-07
4.310000e+01 4.410000e-02 5.520313e-04 6.397255e-07
4.320000e+01 4.420000e-02 6.561266e-04 5.015987e-07
4.330000e+01 4.430000e-02 7.911932e-04 9.762210e-07
4.340000e+01 4.440000e-02 9.717814e-04 9.102360e-07
4.350000e+01 4.450000e-02 1.213962e-03 8.708047e-07
4.360000e+01 4.460000e-02 1.539111e-03 3.926995e-06
4.370000e+01 4.470000e-02 1.959861e-03 1.443117e-06
4.380000e+01 0.000000e+00 2.000000e-03 0.000000e+00
4.390000e+01 0.000000e+00 2.000000e-03 0.000000e+00
4.400000e+01 0.000000e+00 2.000000e-03 0.000000e+00
