6.200000e+01 6.300000e-02 1.048139e-05 1.872095e-08
6.210000e+01 6.310000e-02 1.186288e-05 4.436788e-08
6.220000e+01 6.320000e-02 1.351508e-05 3.982673e-08
6.230000e+01 6.330000e-02 1.592996e-05 9.894474e-08
6.240000e+01 6.340000e-02 1.903159e-05 2.345349e-08
6.250000e+01 6.350000e-02 2.279081e-05 5.629889e-08
6.260000e+01 6.360000e-02 2.791906e-05 7.781546e-08
6.270000e+01 6.370000e-02 3.530141e-05 8.152374e-08
6.280000e+01 6.380000e-02 4.594721e-05 1.459010e-07
6.290000e+01 6.390000e-02 6.239084e-05 1.593834e-07
6.300000e+01 6.400000e-02 8.922108e-05 2.084954e-07
