6.000000e+01 6.100000e-02 2.392214e-06 3.992562e-09
6.020000e+01 6.120000e-02 2.643142e-06 4.961249e-09
6.040000e+01 6.140000e-02 2.938893e-06 2.973639e-09
6.060000e+01 6.160000e-02 3.251654e-06 1.642750e-08
6.080000e+01 6.180000e-02 3.644181e-06 9.437745e-09
6.100000e+01 6.200000e-02 4.167533e-06 9.965785e-09
6.120000e+01 6.220000e-02 4.826903e-06 1.165183e-08
6.140000e+01 6.240000e-02 5.632730e-06 4.156253e-09
6.160000e+01 6.260000e-02 6.734571e-06 9.684128e-09
6.180000e+01 6.280000e-02 8.325195e-06 1.043111e-08
6.200000e+01 6.300000e-02 1.048134e-05 3.121908e-08
