6.300000e+01 6.400000e-02 8.850199e-05 4.566684e-07
6.305000e+01 6.405000e-02 1.092114e-04 4.211491e-07
6.310000e+01 6.410000e-02 1.370651e-04 3.087969e-07
6.315000e+01 6.415000e-02 1.869987e-04 6.615669e-07
6.320000e+01 6.420000e-02 2.489737e-04 9.240425e-06
6.325000e+01 0.000000e+00 2.000000e-03 0.000000e+00
6.330000e+01 0.000000e+00 2.000000e-03 0.000000e+00
6.335000e+01 0.000000e+00 2.000000e-03 0.000000e+00
6.340000e+01 0.000000e+00 2.000000e-03 0.000000e+00
6.345000e+01 0.000000e+00 2.000000e-03 0.000000e+00
6.350000e+01 0.000000e+00 2.000000e-03 0.000000e+00
6.355000e+01 0.000000e+00 2.000000e-03 0.000000e+00
6.360000e+01 0.000000e+00 2.000000e-03 0.000000e+00
6.365000e+01 0.000000e+00 2.000000e-03 0.000000e+00
6.370000e+01 0.000000e+00 2.000000e-03 0.000000e+00
6.375000e+01 0.000000e+00 2.000000e-03 0.000000e+00
6.380000e+01 0.000000e+00 2.000000e-03 0.000000e+00
6.385000e+01 0.000000e+00 2.000000e-03 0.000000e+00
6.390000e+01 0.000000e+00 2.000000e-03 0.000000e+00
6.395000e+01 0.000000e+00 2.000000e-03 0.000000e+00
6.400000e+01 0.000000e+00 2.000000e-03 0.000000e+00
