1 12.80378486055777
2 12.828685258964144
3 12.818725099601593
4 12.858565737051794
5 12.80378486055777
6 12.788844621513945
7 12.80378486055777
8 12.788844621513945
9 12.80378486055777
10 12.80378486055777
11 12.758964143426295
12 12.758964143426295
13 12.828685258964144
14 12.878486055776893
15 12.878486055776893
16 12.908366533864543
17 12.878486055776893
18 12.848605577689243
19 12.813745019920319
20 12.848605577689243
21 12.878486055776893
22 12.848605577689243
23 12.863545816733069
24 12.768924302788845
