206.61734248058124 91.06852151407311
220.7457889501326 91.41668068586218
234.87423541968394 91.32047880944678
248.36047977698294 90.87291103202847
260.5623199097773 90.3314827995255
271.4797558180669 89.78697508896796
282.3971917263566 89.23686832740214
293.9568297468986 88.69376037959668
306.80087199194526 88.17788417987705
320.9293184614966 87.73581365253963
335.0577649310479 87.40368812681979
349.1862114005993 87.16776447751536
363.3146578701506 87.0326237463604
374.2320937784403 87.00284697508897
389.002742360244 87.00284697508897
406.9844015033093 87.06469103849886
421.11284797286066 87.13111614364283
435.24129444241197 87.22273697832416
449.36974091196333 87.31206729213847
463.49818738151464 87.417431252022
477.626633851066 87.51363312843739
491.7550803206173 87.60067292138466
505.8835267901687 87.68084115173083
520.01197325972 87.74497573600776
534.1404197292713 87.79994823681656
548.2688661988226 87.82056292461986
562.397312668374 87.85950177935942
576.5257591379253 87.84804917502426
590.6542056074767 87.80452927855063
602.6419783695202 87.75032028469751
618.9110985465793 87.67626010999676
633.0395450161307 87.56402458751212
647.167991485682 87.44262698155936
661.2964379552334 87.28687156260109
675.4248844247848 87.1013393723714
689.553330894336 86.88603041087026
703.6817773638874 86.63865415723066
717.8102238334387 86.3317243610482
731.9386703029901 85.97898414752507
746.0671167725413 85.55294726625687
760.1955632420927 85.04216111290845
773.6818075993917 84.49083274021352
786.5258498444384 83.91385053380782
800.0120942017373 83.34259462956972
814.1405406712887 82.90510514396635
828.2689871408401 82.78828857974764
842.3974336103914 83.08376577159495
853.9570716309335 83.60502287747839
863.5901033147184 84.16832740213522
870.0121244372417 84.72011387900355
876.434145559765 85.28197864768683
882.8561666822884 85.88415658362989
889.2781878048118 86.476256227758
895.7002089273351 87.05071886120996
902.2973760804726 87.63961177612423
910.2732568592147 88.28589104845332
917.2781998990134 88.87740925266904
923.9571018664377 89.48042704626334
932.3057293257181 90.05153024911031
941.2965588972507 90.62383324860193
950.9295905810358 91.17274021352313
961.8470264893255 91.73124555160142
974.0488666221198 92.28135231316726
987.5351109794187 92.80473633128437
1001.6635574489701 93.2742931090262
1015.7920039185215 93.6797153024911
1029.9204503880728 94.03474603688126
1044.048896857624 94.3462568747978
1058.1773433271753 94.61882885797476
1072.3057897967267 94.8684956324814
1086.434236266278 95.0746425105144
1100.5626827358294 95.27620834681332
1114.6911292053808 95.44341637010676
1128.8195756749321 95.60146230993206
1142.9480221444835 95.74576512455516
1157.0764686140349 95.87403429310902
1171.2049150835862 95.99314137819475
1185.3333615531374 96.09621481721126
1199.4618080226887 96.19241669362665
1213.59025449224 96.27487544483985
1227.7187009617915 96.35962471692008
1241.8471474313428 96.43750242639922
1255.9755939008942 96.50392753154318
1270.1040403704455 96.57035263668715
1284.232486839997 96.63219670009705
1298.3609333095483 96.68716920090586
1312.4893797790994 96.73527013911355
1326.6178262486508 96.78337107732125
1340.7462727182021 96.83147201552896
1354.8747191877535 96.87728243286962
1369.0031656573049 96.90934972500808
1383.1316121268562 96.94370753801358
1397.2600585964076 96.96890326755096
1411.388505065959 97.04579316294618
1425.1101025890666 97.07819691577699
1438.2860097297855 97.14527337431252
1453.7738444746128 97.12236816564219
1467.9022909441642 97.13153024911031
1482.0307374137155 97.15901649951472
1496.159183883267 97.18192170818506
1510.2876303528183 97.19795535425429
1524.4160768223696 97.23231316725979
1538.544523291921 97.23460368812681
1552.6729697614721 97.27583306373342
1566.8014162310235 97.28270462633452
1580.9298627005749 97.30560983500484
1595.0583091701262 97.33309608540925
1609.1867556396776 97.33538660627629
1623.315202109229 97.37432546101584
1637.4436485787803 97.38348754448398
1651.5720950483317 97.38348754448398
1665.7005415178828 97.42013587835652
1679.8289879874342 97.43387900355872
1693.9574344569855 97.43387900355872
1708.085880926537 97.45449369136202
1722.2143273960883 97.48427046263345
1736.3427738656396 97.48427046263345
1750.471220335191 97.48427046263345
1764.5996668047424 97.49572306696862
1778.7281132742937 97.53237140084114
1792.8565597438449 97.53466192170818
1806.9850062133962 97.53466192170818
1821.1134526829476 97.53924296344225
1835.241899152499 97.55985765124555
1849.3703456220503 97.57818181818182
1863.4987920916017 97.58505338078291
1877.627238561153 97.58505338078291
1891.7556850307044 97.58505338078291
1905.8841315002555 97.58505338078291
1920.012577969807 97.59879650598512
1934.1410244393583 97.61941119378841
1948.2694709089096 97.63544483985766
1962.397917378461 97.63544483985766
1976.5263638480124 97.63544483985766
1990.6548103175637 97.63544483985766
2004.783256787115 97.65835004852798
2018.9117032566664 97.68354577806535
2033.0401497262176 97.68583629893239
2047.168596195769 97.68583629893239
2061.29704266532 97.68583629893239
2075.4254891348714 97.68583629893239
2089.553935604423 97.68583629893239
2103.682382073974 97.68583629893239
2117.8108285435255 97.68583629893239
2131.939275013077 97.68583629893239
2146.0677214826283 97.68583629893239
2160.1961679521796 97.68583629893239
2174.324614421731 97.70874150760271
2188.4530608912823 97.73164671627305
2199.370496799572 97.72782918149466
