0.000000e+00 1.000000e-03 1.011785e-13 4.155581e-14
1.000000e+00 2.000000e-03 5.507330e-10 4.033804e-13
2.000000e+00 3.000000e-03 8.405549e-10 6.065858e-13
3.000000e+00 4.000000e-03 1.091682e-09 6.630770e-13
4.000000e+00 5.000000e-03 1.303409e-09 7.945685e-13
5.000000e+00 6.000000e-03 1.476710e-09 7.074632e-13
6.000000e+00 7.000000e-03 1.620945e-09 4.456054e-13
7.000000e+00 8.000000e-03 1.744832e-09 1.273709e-13
8.000000e+00 9.000000e-03 1.853573e-09 1.354871e-13
9.000000e+00 1.300000e-02 1.953191e-09 3.289609e-13
1.000000e+01 1.100000e-02 2.041694e-09 5.568383e-13
1.100000e+01 1.200000e-02 2.126710e-09 5.798205e-13
1.200000e+01 1.300000e-02 2.201724e-09 6.320516e-13
1.300000e+01 1.400000e-02 2.274928e-09 7.908413e-13
1.400000e+01 1.500000e-02 2.348163e-09 8.550307e-13
1.500000e+01 1.600000e-02 2.422994e-09 1.027859e-12
1.600000e+01 1.700000e-02 2.500620e-09 1.126534e-12
1.700000e+01 1.800000e-02 2.582241e-09 1.295056e-12
1.800000e+01 1.900000e-02 2.669417e-09 1.438952e-12
1.900000e+01 2.000000e-02 2.762956e-09 1.583861e-12
2.000000e+01 2.100000e-02 2.864648e-09 1.843611e-12
2.100000e+01 2.200000e-02 2.975510e-09 2.032421e-12
2.200000e+01 2.300000e-02 3.097993e-09 2.291657e-12
2.300000e+01 2.400000e-02 3.231686e-09 2.689580e-12
2.400000e+01 2.500000e-02 3.381369e-09 3.058757e-12
2.500000e+01 2.600000e-02 3.548775e-09 3.607129e-12
2.600000e+01 2.700000e-02 3.736891e-09 4.011912e-12
2.700000e+01 2.800000e-02 3.949890e-09 4.745851e-12
2.800000e+01 2.900000e-02 4.192150e-09 5.449616e-12
2.900000e+01 3.000000e-02 4.469104e-09 6.186529e-12
3.000000e+01 3.100000e-02 4.786809e-09 7.238921e-12
3.100000e+01 3.200000e-02 5.165879e-09 8.537614e-12
3.200000e+01 3.300000e-02 4.364664e-08 7.741987e-11
3.300000e+01 3.400000e-02 1.661743e-07 2.475587e-10
3.400000e+01 3.500000e-02 3.606180e-07 1.144132e-09
3.500000e+01 3.600000e-02 6.367889e-07 1.062454e-09
3.600000e+01 3.700000e-02 1.029421e-06 9.992283e-10
3.700000e+01 3.800000e-02 1.617271e-06 2.714425e-09
3.800000e+01 3.900000e-02 2.526650e-06 2.045477e-09
3.900000e+01 4.000000e-02 4.012240e-06 1.056431e-08
4.000000e+01 4.100000e-02 6.494992e-06 1.546321e-08
4.000000e+01 4.100000e-02 6.154711e-06 1.003884e-08
4.020000e+01 4.120000e-02 6.889928e-06 1.455948e-08
4.040000e+01 4.140000e-02 7.662292e-06 1.136455e-08
4.060000e+01 4.160000e-02 8.624101e-06 1.691950e-08
4.080000e+01 4.180000e-02 9.764826e-06 1.702557e-08
4.100000e+01 4.200000e-02 1.095683e-05 2.107168e-08
4.120000e+01 4.220000e-02 1.245727e-05 8.848750e-09
4.140000e+01 4.240000e-02 1.431901e-05 2.798823e-08
4.160000e+01 4.260000e-02 1.643729e-05 2.466963e-08
4.180000e+01 4.280000e-02 1.924417e-05 3.287201e-08
4.200000e+01 4.300000e-02 2.280582e-05 3.736540e-08
4.220000e+01 4.320000e-02 2.732702e-05 5.876314e-08
4.240000e+01 4.340000e-02 3.332659e-05 3.147842e-08
4.260000e+01 4.360000e-02 4.146360e-05 8.377761e-08
4.280000e+01 4.380000e-02 5.345345e-05 1.400453e-07
4.300000e+01 4.400000e-02 7.200550e-05 2.262187e-07
4.320000e+01 4.420000e-02 1.001442e-04 1.223012e-07
4.340000e+01 4.440000e-02 1.511918e-04 2.817467e-07
4.360000e+01 4.460000e-02 2.574959e-04 1.103708e-06
4.380000e+01 4.480000e-02 5.526744e-04 3.722021e-06
4.400000e+01 0.000000e+00 2.000000e-03 0.000000e+00
