0.000000e+00 1.000000e-03 1.815254e-14 1.843414e-14
1.000000e+00 2.000000e-03 4.328019e-11 1.133731e-14
2.000000e+00 3.000000e-03 6.746475e-11 1.230375e-14
3.000000e+00 4.000000e-03 1.399778e-10 2.116504e-14
4.000000e+00 5.000000e-03 2.235870e-10 4.203178e-14
5.000000e+00 6.000000e-03 2.601711e-10 2.559532e-14
6.000000e+00 7.000000e-03 2.865026e-10 2.908487e-14
7.000000e+00 8.000000e-03 3.085047e-10 3.757146e-14
8.000000e+00 9.000000e-03 3.282368e-10 2.003878e-14
9.000000e+00 1.300000e-02 3.469863e-10 4.758339e-14
1.000000e+01 1.100000e-02 3.647212e-10 1.817029e-14
1.100000e+01 1.200000e-02 3.827481e-10 1.811492e-14
1.200000e+01 1.300000e-02 4.024967e-10 1.742978e-14
1.300000e+01 1.400000e-02 4.196889e-10 4.626112e-14
1.400000e+01 1.500000e-02 4.319159e-10 1.312792e-14
1.500000e+01 1.600000e-02 4.364011e-10 2.172164e-14
1.600000e+01 1.700000e-02 4.397444e-10 2.975731e-14
1.700000e+01 1.800000e-02 4.427619e-10 1.235680e-14
1.800000e+01 1.900000e-02 4.458641e-10 1.988525e-14
1.900000e+01 2.000000e-02 4.490349e-10 1.871452e-14
2.000000e+01 2.100000e-02 4.521788e-10 2.448419e-14
2.100000e+01 2.200000e-02 4.553683e-10 2.665687e-14
2.200000e+01 2.300000e-02 4.586176e-10 2.506744e-14
2.300000e+01 2.400000e-02 4.619808e-10 3.663745e-14
2.400000e+01 2.500000e-02 4.653157e-10 1.060901e-14
2.500000e+01 2.600000e-02 4.687236e-10 3.087249e-14
2.600000e+01 2.700000e-02 4.722974e-10 3.211441e-14
2.700000e+01 2.800000e-02 4.759043e-10 1.322700e-14
2.800000e+01 2.900000e-02 4.795228e-10 2.681666e-14
2.900000e+01 3.000000e-02 4.831442e-10 1.641540e-14
3.000000e+01 3.100000e-02 4.869368e-10 9.418885e-15
3.100000e+01 3.200000e-02 4.906944e-10 1.460327e-14
3.200000e+01 3.300000e-02 4.946543e-10 2.676146e-14
3.300000e+01 3.400000e-02 4.985213e-10 1.845450e-14
3.400000e+01 3.500000e-02 5.025554e-10 3.311781e-14
3.500000e+01 3.600000e-02 5.066317e-10 1.121053e-14
3.600000e+01 3.700000e-02 5.107496e-10 3.384898e-14
3.700000e+01 3.800000e-02 5.149851e-10 2.319253e-14
3.800000e+01 3.900000e-02 5.193614e-10 1.182800e-14
3.900000e+01 4.000000e-02 5.237381e-10 2.753657e-14
4.000000e+01 4.100000e-02 5.282386e-10 2.500473e-14
4.100000e+01 4.200000e-02 5.327854e-10 1.176329e-14
4.200000e+01 4.300000e-02 5.375076e-10 3.471974e-14
4.300000e+01 4.400000e-02 5.423274e-10 3.282713e-14
4.400000e+01 4.500000e-02 5.472943e-10 2.807254e-14
4.500000e+01 4.600000e-02 5.523871e-10 2.823612e-14
4.600000e+01 4.700000e-02 5.578373e-10 2.868713e-14
4.700000e+01 4.800000e-02 5.636786e-10 2.401681e-14
4.800000e+01 4.900000e-02 5.701356e-10 3.313130e-14
4.900000e+01 1.135000e-01 5.776086e-10 1.707594e-13
5.000000e+01 5.100000e-02 5.862214e-10 1.112731e-13
5.100000e+01 5.200000e-02 5.985488e-10 1.236175e-13
5.200000e+01 5.300000e-02 2.390297e-09 5.267505e-12
5.300000e+01 5.400000e-02 4.620967e-08 1.437422e-10
5.400000e+01 5.500000e-02 1.330897e-07 1.882049e-10
5.500000e+01 5.600000e-02 2.590257e-07 1.300908e-09
5.600000e+01 5.700000e-02 4.229503e-07 8.231624e-10
5.700000e+01 5.800000e-02 6.530586e-07 9.294562e-10
5.800000e+01 5.900000e-02 1.005574e-06 1.735264e-09
5.900000e+01 6.000000e-02 1.518230e-06 1.721154e-09
6.000000e+01 6.100000e-02 2.397607e-06 4.494005e-09
6.000000e+01 6.100000e-02 2.392214e-06 3.992562e-09
6.020000e+01 6.120000e-02 2.643142e-06 4.961249e-09
6.040000e+01 6.140000e-02 2.938893e-06 2.973639e-09
6.060000e+01 6.160000e-02 3.251654e-06 1.642750e-08
6.080000e+01 6.180000e-02 3.644181e-06 9.437745e-09
6.100000e+01 6.200000e-02 4.167533e-06 9.965785e-09
6.120000e+01 6.220000e-02 4.826903e-06 1.165183e-08
6.140000e+01 6.240000e-02 5.632730e-06 4.156253e-09
6.160000e+01 6.260000e-02 6.734571e-06 9.684128e-09
6.180000e+01 6.280000e-02 8.325195e-06 1.043111e-08
6.200000e+01 6.300000e-02 1.048134e-05 3.121908e-08
6.200000e+01 6.300000e-02 1.048139e-05 1.872095e-08
6.210000e+01 6.310000e-02 1.186288e-05 4.436788e-08
6.220000e+01 6.320000e-02 1.351508e-05 3.982673e-08
6.230000e+01 6.330000e-02 1.592996e-05 9.894474e-08
6.240000e+01 6.340000e-02 1.903159e-05 2.345349e-08
6.250000e+01 6.350000e-02 2.279081e-05 5.629889e-08
6.260000e+01 6.360000e-02 2.791906e-05 7.781546e-08
6.270000e+01 6.370000e-02 3.530141e-05 8.152374e-08
6.280000e+01 6.380000e-02 4.594721e-05 1.459010e-07
6.290000e+01 6.390000e-02 6.239084e-05 1.593834e-07
6.300000e+01 6.400000e-02 8.922108e-05 2.084954e-07
6.300000e+01 6.400000e-02 8.850199e-05 4.566684e-07
6.305000e+01 6.405000e-02 1.092114e-04 4.211491e-07
6.310000e+01 6.410000e-02 1.370651e-04 3.087969e-07
6.315000e+01 6.415000e-02 1.869987e-04 6.615669e-07
6.320000e+01 6.420000e-02 2.489737e-04 9.240425e-06
6.325000e+01 0.000000e+00 2.000000e-03 0.000000e+00
6.330000e+01 0.000000e+00 2.000000e-03 0.000000e+00
6.335000e+01 0.000000e+00 2.000000e-03 0.000000e+00
6.340000e+01 0.000000e+00 2.000000e-03 0.000000e+00
6.345000e+01 0.000000e+00 2.000000e-03 0.000000e+00
6.350000e+01 0.000000e+00 2.000000e-03 0.000000e+00
6.355000e+01 0.000000e+00 2.000000e-03 0.000000e+00
6.360000e+01 0.000000e+00 2.000000e-03 0.000000e+00
6.365000e+01 0.000000e+00 2.000000e-03 0.000000e+00
6.370000e+01 0.000000e+00 2.000000e-03 0.000000e+00
6.375000e+01 0.000000e+00 2.000000e-03 0.000000e+00
6.380000e+01 0.000000e+00 2.000000e-03 0.000000e+00
6.385000e+01 0.000000e+00 2.000000e-03 0.000000e+00
6.390000e+01 0.000000e+00 2.000000e-03 0.000000e+00
6.395000e+01 0.000000e+00 2.000000e-03 0.000000e+00
6.400000e+01 0.000000e+00 2.000000e-03 0.000000e+00