256.06060606060606 22.36559139784947
261.1111111111111 22.36559139784947
267.42424242424244 22.36559139784947
272.47474747474746 22.36559139784947
280.0505050505051 22.36559139784947
288.8888888888889 22.36559139784947
298.98989898989896 22.36559139784947
306.5656565656566 22.580645161290334
315.4040404040404 22.580645161290334
320.45454545454544 22.580645161290334
328.030303030303 22.580645161290334
333.0808080808081 22.580645161290334
336.86868686868684 22.580645161290334
344.44444444444446 22.580645161290334
350.75757575757575 22.580645161290334
353.2828282828283 23.44086021505376
354.54545454545456 24.516129032258064
355.80808080808083 25.37634408602152
357.07070707070704 27.096774193548384
357.7020202020202 27.95698924731184
358.3333333333333 28.92473118279571
358.9646464646464 29.892473118279582
360.22727272727275 31.182795698924735
361.48989898989896 32.688172043010766
362.7525252525253 34.19354838709678
364.0151515151515 35.80645161290329
364.64646464646466 37.526881720430126
365.9090909090909 38.92473118279571
366.54040404040404 40.53763440860216
367.8030303030303 42.15053763440861
368.4343434343434 43.440860215053775
369.6969696969697 44.73118279569893
370.95959595959596 46.45161290322581
372.85353535353534 49.032258064516135
374.11616161616166 50.75268817204302
375.3787878787879 52.68817204301076
376.010101010101 54.40860215053765
376.64141414141415 55.48387096774194
377.27272727272725 56.7741935483871
378.53535353535347 58.49462365591398
379.7979797979798 60.000000000000014
381.06060606060606 61.50537634408603
382.32323232323233 63.010752688172055
383.58585858585855 64.51612903225808
384.8484848484849 66.0215053763441
386.11111111111114 67.52688172043011
387.37373737373736 69.03225806451613
388.6363636363636 70.53763440860216
389.89898989898995 72.68817204301075
391.16161616161617 74.6236559139785
393.6868686868687 76.55913978494624
396.21212121212125 78.27956989247312
398.73737373737373 80.00000000000001
401.2626262626263 81.50537634408603
402.52525252525254 82.58064516129033
405.0505050505051 84.08602150537635
408.83838383838383 86.12903225806453
412.6262626262626 88.1720430107527
416.41414141414145 89.24731182795699
418.939393939394 89.89247311827958
422.72727272727275 90.75268817204302
427.7777777777777 91.50537634408603
432.8282828282828 92.15053763440861
440.4040404040404 92.68817204301077
447.97979797979804 92.90322580645162
456.81818181818176 92.90322580645162
466.9191919191919 92.4731182795699
478.2828282828283 91.82795698924733
494.69696969696975 91.18279569892474
506.0606060606061 90.75268817204302
518.6868686868687 90.10752688172045
532.5757575757576 89.78494623655915
545.2020202020202 89.78494623655915
556.5656565656566 89.89247311827958
566.0353535353536 90.10752688172045
576.1363636363635 90.43010752688173
585.6060606060604 90.75268817204302
595.7070707070707 91.07526881720432
606.4393939393938 91.50537634408603
619.0656565656565 92.04301075268819
630.429292929293 92.68817204301077
638.6363636363636 93.11827956989248
648.7373737373737 93.5483870967742
657.5757575757576 93.97849462365593
664.520202020202 94.30107526881721
673.3585858585858 94.73118279569894
684.7222222222223 95.26881720430109
696.0858585858585 95.91397849462366
705.5555555555554 96.23655913978496
715.0252525252525 96.55913978494624
725.1262626262625 96.98924731182797
735.2272727272727 97.31182795698926
486.48989898989896 91.50537634408603
745.959595959596 97.63440860215054
759.8484848484849 97.8494623655914
772.4747474747473 97.74193548387098
785.1010101010099 97.4193548387097
794.570707070707 96.88172043010753
802.7777777777778 96.34408602150539
809.0909090909091 95.69892473118281
814.1414141414142 95.05376344086022
821.7171717171718 93.97849462365593
825.5050505050506 93.33333333333334
830.5555555555554 92.36559139784947
834.9747474747475 91.3978494623656
839.3939393939394 90.43010752688173
843.8131313131314 89.24731182795699
848.8636363636364 87.95698924731184
853.9141414141413 86.45161290322582
858.3333333333334 85.05376344086022
862.7525252525253 83.44086021505377
865.909090909091 82.25806451612904
869.0656565656566 81.0752688172043
871.5909090909092 80.21505376344086
874.1161616161617 79.13978494623657
876.6414141414142 78.06451612903227
879.7979797979799 76.7741935483871
882.3232323232323 75.6989247311828
884.2171717171717 74.6236559139785
886.7424242424245 73.5483870967742
889.2676767676768 72.4731182795699
891.7929292929293 71.29032258064517
893.6868686868687 70.21505376344086
895.5808080808081 69.35483870967742
897.4747474747475 68.38709677419357
899.3686868686868 67.31182795698925
901.8939393939394 66.23655913978496
905.0505050505051 64.83870967741936
907.5757575757576 63.010752688172055
910.1010101010102 61.720430107526894
912.6262626262627 60.43010752688173
914.520202020202 59.462365591397855
916.4141414141415 58.27956989247312
918.939393939394 57.09677419354839
920.2020202020202 56.12903225806453
922.7272727272727 54.83870967741937
925.2525252525253 53.333333333333336
927.7777777777778 51.82795698924732
930.3030303030304 50.10752688172044
933.459595959596 48.60215053763441
935.3535353535353 47.09677419354839
937.878787878788 45.80645161290323
940.4040404040404 44.301075268817215
942.929292929293 43.01075268817205
944.8232323232324 41.720430107526894
947.979797979798 40.21505376344088
950.5050505050506 38.49462365591398
953.0303030303031 37.41935483870968
956.1868686868687 35.6989247311828
959.3434343434344 33.76344086021504
963.1313131313132 31.612903225806463
966.919191919192 29.89247311827961
969.4444444444445 28.279569892473134
972.6010101010102 26.989247311827967
975.1262626262626 25.591397849462396
977.6515151515154 24.301075268817215
980.8080808080807 22.795698924731198
985.2272727272727 20.86021505376344
988.3838383838385 19.462365591397855
992.8030303030305 17.41935483870968
997.2222222222223 15.6989247311828
1003.5353535353536 13.333333333333329
1007.9545454545454 11.720430107526894
1013.6363636363636 9.892473118279568
1018.6868686868687 8.172043010752688
1024.3686868686868 6.559139784946254
1030.6818181818182 5.161290322580655
1038.8888888888887 3.76344086021507
1046.4646464646464 2.5806451612903203
1054.040404040404 1.7204301075268944
1060.3535353535353 1.2903225806451672
1066.6666666666665 1.0752688172043037
1074.2424242424242 0.8602150537634401
1080.5555555555554 0.6451612903225907
1089.3939393939395 0.21505376344086358
1099.4949494949494 1.e-6
